Value of cramers 

[[1.         0.22756122 0.         0.         0.         0.
  0.05381099 0.27755954 0.         0.         0.18834332 0.39827067
  0.24596434 0.         0.39377522 0.07782786 0.0132954  0.
  0.         0.13242197 0.         0.17779523 0.26175677 0.07060415
  0.         0.42703267 0.23484355 0.22134341 0.31180654 0.29029826
  0.         0.13366557 0.10435819 0.1499456  0.13958771 0.26763162
  0.27886968 0.08223235 0.29678056 0.0997155  0.05149594 0.
  0.         0.         0.33502098 0.         0.22398816]
 [0.22756122 1.         0.         0.         0.31169113 0.1623388
  0.19940441 0.57580022 0.18907942 0.24129456 0.21125082 0.4014617
  0.18767676 0.         0.24891067 0.         0.36639755 0.
  0.31611317 0.55955685 0.         0.1136854  0.24836942 0.1908175
  0.         0.         0.24043288 0.41845279 0.         0.
  0.27261482 0.17403525 0.15801944 0.08885276 0.27924377 0.11057041
  0.16488436 0.         0.55138792 0.41763862 0.19155174 0.
  0.         0.11090984 0.42282407 0.2134112  0.20361637]
 [0.         0.         1.         0.09871852 0.36041074 0.30721169
  0.10105134 0.32145775 0.29400391 0.13147587 0.28848258 0.
  0.41386312 0.         0.         0.32458708 0.19935185 0.
  0.         0.         0.06714296 0.         0.20909994 0.33881584
  0.08202326 0.06029967 0.03160885 0.20952711 0.29906752 0.1482086
  0.         0.45268483 0.30069321 0.26277514 0.14831978 0.12791455
  0.25021449 0.17052941 0.27285088 0.1173785  0.10920615 0.37002579
  0.15716346 0.49467976 0.35472731 0.26422905 0.24310462]
 [0.         0.         0.09871852 1.         0.3357269  0.32177451
  0.31471792 0.         0.65465367 0.14133293 0.20684412 0.44330095
  0.         0.         0.45223493 0.         0.24494186 0.
  0.27392532 0.16643283 0.14704843 0.         0.40018243 0.22896494
  0.         0.         0.31192517 0.60901346 0.         0.
  0.1644736  0.09958947 0.22567806 0.         0.         0.
  0.         0.23293191 0.         0.61169425 0.         0.31941965
  0.         0.         0.60531001 0.33659533 0.08287322]
 [0.         0.31169113 0.36041074 0.3357269  1.         0.2432962
  0.28484848 0.29859376 0.52747988 0.         0.25312773 0.52910776
  0.54365946 0.12994586 0.34431313 0.43291751 0.         0.29273892
  0.         0.45982728 0.         0.21796401 0.         0.49612798
  0.41678724 0.         0.25240901 0.29470076 0.37412251 0.20717566
  0.21116409 0.65142454 0.44639882 0.43293675 0.         0.
  0.24822775 0.         0.36547542 0.         0.19705269 0.
  0.3270147  0.66271607 0.         0.45514511 0.16384818]
 [0.         0.1623388  0.30721169 0.32177451 0.2432962  1.
  0.         0.20609167 0.33166689 0.06139547 0.21253118 0.30869224
  0.32572706 0.         0.25927094 0.1170435  0.         0.06855683
  0.25975774 0.23714058 0.15151321 0.242481   0.23998915 0.17776963
  0.         0.25442257 0.         0.19122428 0.24333383 0.09467629
  0.16267251 0.25995285 0.14995874 0.27375959 0.         0.
  0.14412608 0.25607689 0.         0.24328213 0.         0.06833812
  0.         0.25043143 0.         0.16355666 0.10193676]
 [0.05381099 0.19940441 0.10105134 0.31471792 0.28484848 0.
  1.         0.         0.20811    0.         0.         0.49991582
  0.46244581 0.         0.50900973 0.         0.         0.
  0.         0.28567443 0.46717174 0.18647836 0.5839358  0.50807867
  0.45033774 0.         0.         0.56275013 0.         0.
  0.         0.14405365 0.         0.28161326 0.         0.
  0.10869437 0.13828835 0.29256394 0.60803453 0.         0.46754467
  0.         0.         0.33842077 0.         0.13161708]
 [0.27755954 0.57580022 0.32145775 0.         0.29859376 0.20609167
  0.         1.         0.56631541 0.         0.22503574 0.19983748
  0.         0.         0.2303064  0.41291834 0.24040295 0.
  0.15425153 0.25917539 0.         0.26772369 0.48525328 0.43217519
  0.08573823 0.20130095 0.47347196 0.64118412 0.36103168 0.32870563
  0.27324329 0.47880427 0.29731762 0.07871485 0.         0.65689839
  0.55395569 0.15336116 0.57022864 0.4094159  0.28766476 0.27175215
  0.40335076 0.55592976 0.50783308 0.32586348 0.38191704]
 [0.         0.18907942 0.29400391 0.65465367 0.52747988 0.33166689
  0.20811    0.56631541 1.         0.32027131 0.         0.49124276
  0.35951529 0.22630793 0.46695704 0.37751117 0.69357088 0.36288737
  0.47013286 0.03480606 0.         0.         0.38717763 0.43369653
  0.         0.         0.4020422  0.50501323 0.41516442 0.
  0.49970603 0.43141415 0.47057712 0.35127544 0.39325566 0.51639614
  0.24394125 0.28839014 0.40595198 0.4769318  0.40338152 0.
  0.         0.39514525 0.43239543 0.50287427 0.08431956]
 [0.         0.24129456 0.13147587 0.14133293 0.         0.06139547
  0.         0.         0.32027131 1.         0.12363839 0.
  0.         0.18041518 0.49842766 0.         0.         0.
  0.32654774 0.         0.69165178 0.         0.66069666 0.6883679
  0.         0.22774924 0.         0.55183069 0.12164271 0.17596655
  0.73155109 0.0440346  0.14380888 0.24738166 0.         0.
  0.         0.         0.         0.60506747 0.09962203 0.
  0.         0.         0.33257896 0.1909718  0.        ]
 [0.18834332 0.21125082 0.28848258 0.20684412 0.25312773 0.21253118
  0.         0.22503574 0.         0.12363839 1.         0.1583123
  0.33496891 0.         0.11036896 0.29257938 0.         0.28288497
  0.10790368 0.24899331 0.         0.1483759  0.1156738  0.24545094
  0.209971   0.20799914 0.33971229 0.18827208 0.34893436 0.21916106
  0.11553041 0.28773764 0.25466223 0.42202517 0.         0.
  0.19348005 0.06725924 0.4219558  0.13993714 0.08487865 0.
  0.         0.35727856 0.25163546 0.25375144 0.1214794 ]
 [0.39827067 0.4014617  0.         0.44330095 0.52910776 0.30869224
  0.49991582 0.19983748 0.49124276 0.         0.1583123  1.
  0.27630119 0.15318324 0.68194114 0.2216515  0.         0.315608
  0.         0.52742957 0.41216363 0.31733418 0.09837896 0.38801209
  0.36501204 0.36782428 0.4682614  0.34209786 0.31721347 0.41302722
  0.3094419  0.44631534 0.26274707 0.44632481 0.10596677 0.24909256
  0.40982341 0.40182834 0.65587862 0.3386244  0.35641529 0.22173374
  0.55570953 0.20361207 0.20734674 0.311134   0.23898314]
 [0.24596434 0.18767676 0.41386312 0.         0.54365946 0.32572706
  0.46244581 0.         0.35951529 0.         0.33496891 0.27630119
  1.         0.         0.         0.47327852 0.44003651 0.22994317
  0.33707387 0.         0.55168695 0.31706351 0.27413022 0.40893751
  0.         0.32576021 0.38290936 0.         0.36426951 0.39701619
  0.37706982 0.57635103 0.47340656 0.4947868  0.31671518 0.
  0.27079889 0.         0.40218127 0.16862267 0.1501162  0.
  0.         0.57625251 0.         0.47840771 0.27149349]
 [0.         0.         0.         0.         0.12994586 0.
  0.         0.         0.22630793 0.18041518 0.         0.15318324
  0.         1.         0.         0.09725877 0.         0.
  0.         0.         0.         0.         0.24277209 0.24192402
  0.         0.33585    0.2434896  0.2589225  0.         0.
  0.2160984  0.20054701 0.14373115 0.03747551 0.         0.13920869
  0.13100088 0.13964698 0.50640736 0.43384766 0.         0.
  0.15939354 0.09160574 0.         0.22601361 0.        ]
 [0.39377522 0.24891067 0.         0.45223493 0.34431313 0.25927094
  0.50900973 0.2303064  0.46695704 0.49842766 0.11036896 0.68194114
  0.         0.         1.         0.33566416 0.         0.16039988
  0.         0.4630291  0.55934177 0.         0.09383581 0.49539268
  0.4563778  0.         0.54211411 0.44540107 0.27065999 0.44454808
  0.54882928 0.34071651 0.2132881  0.30492065 0.         0.30222036
  0.27247013 0.3215357  0.54531497 0.33962361 0.         0.37357695
  0.24961472 0.30239715 0.47773962 0.33838191 0.18896827]
 [0.07782786 0.         0.32458708 0.         0.43291751 0.1170435
  0.         0.41291834 0.37751117 0.         0.29257938 0.2216515
  0.47327852 0.09725877 0.33566416 1.         0.11788202 0.67033482
  0.         0.35644111 0.         0.21676908 0.39648449 0.48877878
  0.55837407 0.22945084 0.14499174 0.2381083  0.29978849 0.
  0.20501709 0.48515757 0.40897942 0.66876995 0.         0.23052136
  0.4166905  0.         0.39798172 0.26872468 0.22048032 0.
  0.11138604 0.54881476 0.33556867 0.41492923 0.        ]
 [0.0132954  0.36639755 0.19935185 0.24494186 0.         0.
  0.         0.24040295 0.69357088 0.         0.         0.
  0.44003651 0.         0.         0.11788202 1.         0.13019468
  0.20039643 0.         0.         0.         0.24932262 0.
  0.         0.         0.1541412  0.06135005 0.28763071 0.
  0.         0.16021488 0.0735457  0.         0.22879266 0.45450554
  0.31612583 0.         0.2945803  0.24792509 0.         0.18569794
  0.         0.24733306 0.         0.25132129 0.13121871]
 [0.         0.         0.         0.         0.29273892 0.06855683
  0.         0.         0.36288737 0.         0.28288497 0.315608
  0.22994317 0.         0.16039988 0.67033482 0.13019468 1.
  0.         0.19553442 0.07331668 0.1022665  0.03846145 0.32203398
  0.52196965 0.07091043 0.26146129 0.         0.26428244 0.37886299
  0.14009171 0.34175851 0.20384617 0.46885844 0.09812872 0.1269645
  0.18140475 0.         0.38947861 0.         0.08429065 0.
  0.         0.32379917 0.         0.35110004 0.        ]
 [0.         0.31611317 0.         0.27392532 0.         0.25975774
  0.         0.15425153 0.47013286 0.32654774 0.10790368 0.
  0.33707387 0.         0.         0.         0.20039643 0.
  1.         0.         0.21821789 0.         0.         0.22397822
  0.         0.18122979 0.         0.         0.30011146 0.
  0.29838561 0.12955203 0.         0.24408745 0.         0.25555424
  0.         0.         0.15501019 0.         0.06471578 0.
  0.         0.14568268 0.         0.26679609 0.        ]
 [0.13242197 0.55955685 0.         0.16643283 0.45982728 0.23714058
  0.28567443 0.25917539 0.03480606 0.         0.24899331 0.52742957
  0.         0.         0.4630291  0.35644111 0.         0.19553442
  0.         1.         0.         0.26722284 0.30597014 0.43224151
  0.28791863 0.         0.31441871 0.47377056 0.09464376 0.41200637
  0.         0.         0.02310909 0.         0.         0.
  0.         0.32304463 0.52261819 0.47936552 0.32281927 0.49367357
  0.39742374 0.         0.64104192 0.26491625 0.1328788 ]
 [0.         0.         0.06714296 0.14704843 0.         0.15151321
  0.46717174 0.         0.         0.69165178 0.         0.41216363
  0.55168695 0.         0.55934177 0.         0.         0.07331668
  0.21821789 0.         1.         0.21324805 0.66701786 0.47691297
  0.         0.02321488 0.13363567 0.57063871 0.         0.34899197
  0.7092002  0.1872971  0.         0.4537338  0.08084119 0.
  0.25447761 0.         0.16195692 0.63304183 0.         0.23434563
  0.         0.         0.         0.20474289 0.        ]
 [0.17779523 0.1136854  0.         0.         0.21796401 0.242481
  0.18647836 0.26772369 0.         0.         0.1483759  0.31733418
  0.31706351 0.         0.         0.21676908 0.         0.1022665
  0.         0.26722284 0.21324805 1.         0.32035612 0.05227513
  0.         0.         0.27886291 0.26439086 0.03999124 0.28836721
  0.06609329 0.12632264 0.10781686 0.31004262 0.03841103 0.22548003
  0.33854064 0.14636199 0.3860432  0.41063017 0.58680601 0.11927007
  0.         0.09614798 0.04795095 0.         0.        ]
 [0.26175677 0.24836942 0.20909994 0.40018243 0.         0.23998915
  0.5839358  0.48525328 0.38717763 0.66069666 0.1156738  0.09837896
  0.27413022 0.24277209 0.09383581 0.39648449 0.24932262 0.03846145
  0.         0.30597014 0.66701786 0.32035612 1.         0.71781953
  0.24968067 0.49115325 0.31467071 0.62071276 0.28975623 0.36345855
  0.73157636 0.39217761 0.22561543 0.41506134 0.3095982  0.61445756
  0.75777403 0.29707733 0.42732456 0.57978123 0.29616144 0.36689811
  0.09781045 0.32694621 0.41356233 0.19484061 0.17313773]
 [0.07060415 0.1908175  0.33881584 0.22896494 0.49612798 0.17776963
  0.50807867 0.43217519 0.43369653 0.6883679  0.24545094 0.38801209
  0.40893751 0.24192402 0.49539268 0.48877878 0.         0.32203398
  0.22397822 0.43224151 0.47691297 0.05227513 0.71781953 1.
  0.53607983 0.         0.18223095 0.68762486 0.29366249 0.30672606
  0.73968798 0.40930268 0.49114814 0.45080757 0.         0.
  0.20719938 0.         0.67554061 0.64621217 0.         0.41228667
  0.         0.51435686 0.47293405 0.3765622  0.15359236]
 [0.         0.         0.08202326 0.         0.41678724 0.
  0.45033774 0.08573823 0.         0.         0.209971   0.36501204
  0.         0.         0.4563778  0.55837407 0.         0.52196965
  0.         0.28791863 0.         0.         0.24968067 0.53607983
  1.         0.         0.         0.         0.14356988 0.27165634
  0.16249452 0.40669281 0.24104635 0.39538296 0.         0.
  0.05857082 0.33283601 0.39879983 0.16786321 0.         0.29035817
  0.24819537 0.36771474 0.08096231 0.35288671 0.        ]
 [0.42703267 0.         0.06029967 0.         0.         0.25442257
  0.         0.20130095 0.         0.22774924 0.20799914 0.36782428
  0.32576021 0.33585    0.         0.22945084 0.         0.07091043
  0.18122979 0.         0.02321488 0.         0.49115325 0.
  0.         1.         0.16322699 0.2155521  0.18296064 0.
  0.16826256 0.30167576 0.19996784 0.19192212 0.12029791 0.
  0.44348339 0.1954741  0.10077722 0.34316032 0.         0.
  0.41512508 0.         0.08352512 0.         0.05844821]
 [0.23484355 0.24043288 0.03160885 0.31192517 0.25240901 0.
  0.         0.47347196 0.4020422  0.         0.33971229 0.4682614
  0.38290936 0.2434896  0.54211411 0.14499174 0.1541412  0.26146129
  0.         0.31441871 0.13363567 0.27886291 0.31467071 0.18223095
  0.         0.16322699 1.         0.35599331 0.20629105 0.
  0.33999916 0.18254419 0.22515261 0.31696344 0.         0.
  0.47324379 0.21518723 0.50256966 0.43435175 0.28483317 0.
  0.         0.18931342 0.26467311 0.56306217 0.        ]
 [0.22134341 0.41845279 0.20952711 0.60901346 0.29470076 0.19122428
  0.56275013 0.64118412 0.50501323 0.55183069 0.18827208 0.34209786
  0.         0.2589225  0.44540107 0.2381083  0.06135005 0.
  0.         0.47377056 0.57063871 0.26439086 0.62071276 0.68762486
  0.         0.2155521  0.35599331 1.         0.38039448 0.37759866
  0.65965924 0.2693536  0.1836614  0.28010868 0.12766939 0.68718048
  0.52572605 0.2605819  0.57200856 0.60527965 0.15646735 0.52945425
  0.         0.09415079 0.60008112 0.40317842 0.32517023]
 [0.31180654 0.         0.29906752 0.         0.37412251 0.24333383
  0.         0.36103168 0.41516442 0.12164271 0.34893436 0.31721347
  0.36426951 0.         0.27065999 0.29978849 0.28763071 0.26428244
  0.30011146 0.09464376 0.         0.03999124 0.28975623 0.29366249
  0.14356988 0.18296064 0.20629105 0.38039448 1.         0.28694465
  0.         0.46461403 0.38115398 0.40763759 0.         0.12116723
  0.2381342  0.08650527 0.52394521 0.14307473 0.         0.19352248
  0.         0.37414422 0.30122018 0.35665642 0.09607467]
 [0.29029826 0.         0.1482086  0.         0.20717566 0.09467629
  0.         0.32870563 0.         0.17596655 0.21916106 0.41302722
  0.39701619 0.         0.44454808 0.         0.         0.37886299
  0.         0.41200637 0.34899197 0.28836721 0.36345855 0.30672606
  0.27165634 0.         0.         0.37759866 0.28694465 1.
  0.11283034 0.3926066  0.         0.4385074  0.04565976 0.
  0.28124544 0.04706274 0.48401918 0.32615867 0.17588766 0.10124292
  0.         0.         0.43007449 0.15137345 0.08861559]
 [0.         0.27261482 0.         0.1644736  0.21116409 0.16267251
  0.         0.27324329 0.49970603 0.73155109 0.11553041 0.3094419
  0.37706982 0.2160984  0.54882928 0.20501709 0.         0.14009171
  0.29838561 0.         0.7092002  0.06609329 0.73157636 0.73968798
  0.16249452 0.16826256 0.33999916 0.65965924 0.         0.11283034
  1.         0.18205012 0.32154339 0.33450409 0.         0.
  0.24409374 0.         0.45584231 0.68308381 0.         0.
  0.         0.25989376 0.42480742 0.25302811 0.        ]
 [0.13366557 0.17403525 0.45268483 0.09958947 0.65142454 0.25995285
  0.14405365 0.47880427 0.43141415 0.0440346  0.28773764 0.44631534
  0.57635103 0.20054701 0.34071651 0.48515757 0.16021488 0.34175851
  0.12955203 0.         0.1872971  0.12632264 0.39217761 0.40930268
  0.40669281 0.30167576 0.18254419 0.2693536  0.46461403 0.3926066
  0.18205012 1.         0.3461072  0.5409245  0.20958424 0.36740075
  0.43079995 0.15272655 0.4490993  0.30034104 0.09683943 0.
  0.37152644 0.65829389 0.1175471  0.36006335 0.17957504]
 [0.10435819 0.15801944 0.30069321 0.22567806 0.44639882 0.14995874
  0.         0.29731762 0.47057712 0.14380888 0.25466223 0.26274707
  0.47340656 0.14373115 0.2132881  0.40897942 0.0735457  0.20384617
  0.         0.02310909 0.         0.10781686 0.22561543 0.49114814
  0.24104635 0.19996784 0.22515261 0.1836614  0.38115398 0.
  0.32154339 0.3461072  1.         0.33738204 0.08928047 0.
  0.20397808 0.         0.46018281 0.24773861 0.11450109 0.03076341
  0.         0.48780635 0.12099743 0.36827511 0.        ]
 [0.1499456  0.08885276 0.26277514 0.         0.43293675 0.27375959
  0.28161326 0.07871485 0.35127544 0.24738166 0.42202517 0.44632481
  0.4947868  0.03747551 0.30492065 0.66876995 0.         0.46885844
  0.24408745 0.         0.4537338  0.31004262 0.41506134 0.45080757
  0.39538296 0.19192212 0.31696344 0.28010868 0.40763759 0.4385074
  0.33450409 0.5409245  0.33738204 1.         0.24184811 0.1953474
  0.29519441 0.         0.53477112 0.35998758 0.13163678 0.
  0.         0.5035231  0.         0.50609027 0.07721308]
 [0.13958771 0.27924377 0.14831978 0.         0.         0.
  0.         0.         0.39325566 0.         0.         0.10596677
  0.31671518 0.         0.         0.         0.22879266 0.09812872
  0.         0.         0.08084119 0.03841103 0.3095982  0.
  0.         0.12029791 0.         0.12766939 0.         0.04565976
  0.         0.20958424 0.08928047 0.24184811 1.         0.22035039
  0.02295386 0.04422777 0.36904646 0.1889883  0.         0.10135763
  0.         0.12717631 0.21791598 0.02919833 0.08473155]
 [0.26763162 0.11057041 0.12791455 0.         0.         0.
  0.         0.65689839 0.51639614 0.         0.         0.24909256
  0.         0.13920869 0.30222036 0.23052136 0.45450554 0.1269645
  0.25555424 0.         0.         0.22548003 0.61445756 0.
  0.         0.         0.         0.68718048 0.12116723 0.
  0.         0.36740075 0.         0.1953474  0.22035039 1.
  0.72105459 0.         0.25476469 0.64201599 0.27827375 0.
  0.         0.         0.         0.         0.        ]
 [0.27886968 0.16488436 0.25021449 0.         0.24822775 0.14412608
  0.10869437 0.55395569 0.24394125 0.         0.19348005 0.40982341
  0.27079889 0.13100088 0.27247013 0.4166905  0.31612583 0.18140475
  0.         0.         0.25447761 0.33854064 0.75777403 0.20719938
  0.05857082 0.44348339 0.47324379 0.52572605 0.2381342  0.28124544
  0.24409374 0.43079995 0.20397808 0.29519441 0.02295386 0.72105459
  1.         0.28285556 0.37357734 0.55289378 0.35703954 0.21092505
  0.33396237 0.24711496 0.24657174 0.24553647 0.20567605]
 [0.08223235 0.         0.17052941 0.23293191 0.         0.25607689
  0.13828835 0.15336116 0.28839014 0.         0.06725924 0.40182834
  0.         0.13964698 0.3215357  0.         0.         0.
  0.         0.32304463 0.         0.14636199 0.29707733 0.
  0.33283601 0.1954741  0.21518723 0.2605819  0.08650527 0.04706274
  0.         0.15272655 0.         0.         0.04422777 0.
  0.28285556 1.         0.360605   0.30927121 0.15087021 0.22372504
  0.15863256 0.         0.31917578 0.19773555 0.01907308]
 [0.29678056 0.55138792 0.27285088 0.         0.36547542 0.
  0.29256394 0.57022864 0.40595198 0.         0.4219558  0.65587862
  0.40218127 0.50640736 0.54531497 0.39798172 0.2945803  0.38947861
  0.15501019 0.52261819 0.16195692 0.3860432  0.42732456 0.67554061
  0.39879983 0.10077722 0.50256966 0.57200856 0.52394521 0.48401918
  0.45584231 0.4490993  0.46018281 0.53477112 0.36904646 0.25476469
  0.37357734 0.360605   1.         0.57382507 0.16576711 0.40752244
  0.3708383  0.47415861 0.51389    0.38644528 0.19720266]
 [0.0997155  0.41763862 0.1173785  0.61169425 0.         0.24328213
  0.60803453 0.4094159  0.4769318  0.60506747 0.13993714 0.3386244
  0.16862267 0.43384766 0.33962361 0.26872468 0.24792509 0.
  0.         0.47936552 0.63304183 0.41063017 0.57978123 0.64621217
  0.16786321 0.34316032 0.43435175 0.60527965 0.14307473 0.32615867
  0.68308381 0.30034104 0.24773861 0.35998758 0.1889883  0.64201599
  0.55289378 0.30927121 0.57382507 1.         0.38701561 0.53318157
  0.         0.         0.38210001 0.2608255  0.23025262]
 [0.05149594 0.19155174 0.10920615 0.         0.19705269 0.
  0.         0.28766476 0.40338152 0.09962203 0.08487865 0.35641529
  0.1501162  0.         0.         0.22048032 0.         0.08429065
  0.06471578 0.32281927 0.         0.58680601 0.29616144 0.
  0.         0.         0.28483317 0.15646735 0.         0.17588766
  0.         0.09683943 0.11450109 0.13163678 0.         0.27827375
  0.35703954 0.15087021 0.16576711 0.38701561 1.         0.13664914
  0.         0.         0.25705893 0.09424012 0.        ]
 [0.         0.         0.37002579 0.31941965 0.         0.06833812
  0.46754467 0.27175215 0.         0.         0.         0.22173374
  0.         0.         0.37357695 0.         0.18569794 0.
  0.         0.49367357 0.23434563 0.11927007 0.36689811 0.41228667
  0.29035817 0.         0.         0.52945425 0.19352248 0.10124292
  0.         0.         0.03076341 0.         0.10135763 0.
  0.21092505 0.22372504 0.40752244 0.53318157 0.13664914 1.
  0.3122951  0.15077844 0.40940109 0.         0.25316657]
 [0.         0.         0.15716346 0.         0.3270147  0.
  0.         0.40335076 0.         0.         0.         0.55570953
  0.         0.15939354 0.24961472 0.11138604 0.         0.
  0.         0.39742374 0.         0.         0.09781045 0.
  0.24819537 0.41512508 0.         0.         0.         0.
  0.         0.37152644 0.         0.         0.         0.
  0.33396237 0.15863256 0.3708383  0.         0.         0.3122951
  1.         0.15149093 0.         0.32511635 0.        ]
 [0.         0.11090984 0.49467976 0.         0.66271607 0.25043143
  0.         0.55592976 0.39514525 0.         0.35727856 0.20361207
  0.57625251 0.09160574 0.30239715 0.54881476 0.24733306 0.32379917
  0.14568268 0.         0.         0.09614798 0.32694621 0.51435686
  0.36771474 0.         0.18931342 0.09415079 0.37414422 0.
  0.25989376 0.65829389 0.48780635 0.5035231  0.12717631 0.
  0.24711496 0.         0.47415861 0.         0.         0.15077844
  0.15149093 1.         0.         0.38494984 0.16355298]
 [0.33502098 0.42282407 0.35472731 0.60531001 0.         0.
  0.33842077 0.50783308 0.43239543 0.33257896 0.25163546 0.20734674
  0.         0.         0.47773962 0.33556867 0.         0.
  0.         0.64104192 0.         0.04795095 0.41356233 0.47293405
  0.08096231 0.08352512 0.26467311 0.60008112 0.30122018 0.43007449
  0.42480742 0.1175471  0.12099743 0.         0.21791598 0.
  0.24657174 0.31917578 0.51389    0.38210001 0.25705893 0.40940109
  0.         0.         1.         0.17738683 0.22783041]
 [0.         0.2134112  0.26422905 0.33659533 0.45514511 0.16355666
  0.         0.32586348 0.50287427 0.1909718  0.25375144 0.311134
  0.47840771 0.22601361 0.33838191 0.41492923 0.25132129 0.35110004
  0.26679609 0.26491625 0.20474289 0.         0.19484061 0.3765622
  0.35288671 0.         0.56306217 0.40317842 0.35665642 0.15137345
  0.25302811 0.36006335 0.36827511 0.50609027 0.02919833 0.
  0.24553647 0.19773555 0.38644528 0.2608255  0.09424012 0.
  0.32511635 0.38494984 0.17738683 1.         0.18553408]
 [0.22398816 0.20361637 0.24310462 0.08287322 0.16384818 0.10193676
  0.13161708 0.38191704 0.08431956 0.         0.1214794  0.23898314
  0.27149349 0.         0.18896827 0.         0.13121871 0.
  0.         0.1328788  0.         0.         0.17313773 0.15359236
  0.         0.05844821 0.         0.32517023 0.09607467 0.08861559
  0.         0.17957504 0.         0.07721308 0.08473155 0.
  0.20567605 0.01907308 0.19720266 0.23025262 0.         0.25316657
  0.         0.16355298 0.22783041 0.18553408 1.        ]]