Value of phi_k

[[1.         0.95218484 0.94195484 0.         0.33322464 0.
  0.         0.         0.         0.         0.         0.
  0.91366494 0.17080428 0.17971059 0.66122168 0.         0.34102761
  0.39203446 0.83926057 0.46413465 0.35754473 0.         0.85905738
  0.         0.19502249 0.7123595  0.         0.         0.86795662
  0.10784581 0.         0.16992857 0.         0.38215939 0.
  0.28226485 0.29763709 0.07211471 0.         0.25230516 0.
  0.         0.         0.         0.         0.30265848]
 [0.95218484 1.         0.94909294 0.20938474 0.25595331 0.
  0.57152075 0.23347688 0.3719584  0.         0.         0.73612637
  0.94910284 0.3792931  0.         0.76736476 0.         0.31318157
  0.43592334 0.9152654  0.52214524 0.45818789 0.27460363 0.91080721
  0.         0.39711689 0.75028866 0.         0.37427082 0.91196192
  0.06968861 0.         0.15977717 0.05220896 0.42762643 0.
  0.4365769  0.         0.24164986 0.75747342 0.32379147 0.27608547
  0.12561284 0.55941036 0.         0.21922483 0.        ]
 [0.94195484 0.94909294 1.         0.19720007 0.07447538 0.
  0.80082421 0.1535096  0.         0.         0.79807051 0.87441916
  0.9650204  0.40230081 0.11199639 0.         0.         0.33866347
  0.34889796 0.89308235 0.06280104 0.64900953 0.         0.90966242
  0.         0.         0.62194901 0.21182537 0.43856702 0.90590534
  0.5001681  0.57051299 0.         0.         0.         0.
  0.         0.         0.27741445 0.4521676  0.30102227 0.
  0.         0.         0.         0.47131423 0.        ]
 [0.         0.20938474 0.19720007 1.         0.16225934 0.14388924
  0.43131936 0.36926022 0.         0.09459012 0.         0.80660678
  0.94061125 0.         0.03608537 0.36564742 0.         0.
  0.19174041 0.49869643 0.14921713 0.3095848  0.29114834 0.63918166
  0.13181071 0.18994935 0.15436188 0.         0.6544493  0.45542725
  0.         0.         0.28562037 0.27643161 0.38090249 0.
  0.35210765 0.29923511 0.15462086 0.81979414 0.47465453 0.21263607
  0.22693604 0.57630292 0.         0.17111506 0.1748611 ]
 [0.33322464 0.25595331 0.07447538 0.16225934 1.         0.5530434
  0.58799364 0.15441538 0.         0.         0.         0.84166584
  0.         0.41062053 0.11248424 0.31316823 0.10599945 0.27119178
  0.         0.53313191 0.45965232 0.50357529 0.         0.69859617
  0.29194419 0.31342877 0.         0.19041605 0.67805536 0.80186511
  0.         0.         0.32471842 0.         0.         0.
  0.13941409 0.30708405 0.44972696 0.39319892 0.         0.
  0.22566788 0.45255129 0.40407078 0.         0.        ]
 [0.         0.         0.         0.14388924 0.5530434  1.
  0.413979   0.         0.         0.08373781 0.1863414  0.84233292
  0.81622031 0.07795304 0.         0.66429961 0.53411932 0.
  0.         0.46850683 0.         0.23118955 0.         0.25416764
  0.26060762 0.1457576  0.10363105 0.38857067 0.41744127 0.47858831
  0.17823046 0.         0.24917438 0.19972544 0.24955227 0.5994676
  0.         0.62329537 0.18243698 0.60359845 0.         0.
  0.04895195 0.56554486 0.         0.45960322 0.18039755]
 [0.         0.57152075 0.80082421 0.43131936 0.58799364 0.413979
  1.         0.46620774 0.06552989 0.63627174 0.65784222 0.79212973
  0.         0.57782273 0.65765995 0.         0.44732564 0.54313076
  0.         0.         0.         0.76226597 0.78459639 0.48460009
  0.         0.71703984 0.65237688 0.50311845 0.52736917 0.62604268
  0.44681002 0.         0.56591624 0.         0.30785189 0.
  0.53836185 0.62512022 0.80249686 0.86303152 0.72167077 0.77748737
  0.53068834 0.14608609 0.         0.50353259 0.27732928]
 [0.         0.23347688 0.1535096  0.36926022 0.15441538 0.
  0.46620774 1.         0.77739491 0.21923047 0.04762884 0.80323528
  0.5788949  0.14613493 0.02178782 0.         0.         0.04830109
  0.         0.         0.         0.70266771 0.64954077 0.
  0.         0.33531328 0.49568643 0.1727573  0.49826668 0.21813098
  0.52981267 0.         0.44527522 0.254379   0.         0.1494597
  0.44315763 0.45304035 0.51997958 0.81193982 0.5312202  0.45823376
  0.88116856 0.11736131 0.         0.17875069 0.15336453]
 [0.         0.3719584  0.         0.         0.         0.
  0.06552989 0.77739491 1.         0.         0.77034214 0.86056847
  0.9206268  0.         0.16646892 0.30447115 0.         0.
  0.         0.         0.         0.63691999 0.55034132 0.462553
  0.63471697 0.41282677 0.74735236 0.         0.15226273 0.56714533
  0.29143139 0.53723198 0.36686293 0.65285123 0.         0.
  0.         0.30046987 0.62370837 0.76073743 0.56187443 0.63459481
  0.76333039 0.26568499 0.26695638 0.         0.        ]
 [0.         0.         0.         0.09459012 0.         0.08373781
  0.63627174 0.21923047 0.         1.         0.         0.
  0.         0.01523271 0.26223308 0.         0.37163917 0.21397141
  0.56458555 0.21101742 0.         0.         0.26189699 0.4878213
  0.03862646 0.10725601 0.         0.54127039 0.46133476 0.46158622
  0.         0.42240672 0.         0.         0.38629007 0.79294725
  0.72849011 0.589204   0.21519985 0.60088156 0.32188945 0.
  0.07275868 0.51094959 0.         0.         0.        ]
 [0.         0.         0.79807051 0.         0.         0.1863414
  0.65784222 0.04762884 0.77034214 0.         1.         0.9335637
  0.92174835 0.         0.14160579 0.66855924 0.37245741 0.
  0.65408514 0.84787599 0.         0.39849145 0.         0.86120111
  0.38597701 0.         0.57034614 0.         0.18721782 0.81259879
  0.         0.79840528 0.         0.37164552 0.22132336 0.
  0.28780092 0.         0.19532523 0.59838389 0.         0.35857516
  0.         0.         0.         0.47447264 0.        ]
 [0.         0.73612637 0.87441916 0.80660678 0.84166584 0.84233292
  0.79212973 0.80323528 0.86056847 0.         0.9335637  1.
  0.98547108 0.77315077 0.         0.77000607 0.63410049 0.
  0.88680987 0.89717725 0.48893078 0.90184313 0.56970412 0.89128653
  0.84607876 0.69060054 0.84001386 0.40330787 0.88630487 0.55672352
  0.72680563 0.65168566 0.51227171 0.90437826 0.8057859  0.66784327
  0.87047992 0.78307681 0.88994663 0.96707849 0.7561168  0.94423899
  0.44116474 0.72841616 0.91403742 0.74656177 0.79977039]
 [0.91366494 0.94910284 0.9650204  0.94061125 0.         0.81622031
  0.         0.5788949  0.9206268  0.         0.92174835 0.98547108
  1.         0.71223224 0.         0.95720528 0.53381467 0.
  0.87452325 0.94843873 0.11980319 0.78499367 0.76175257 0.92086728
  0.73073803 0.64912832 0.95000106 0.18451529 0.78909085 0.56856156
  0.82034934 0.84390802 0.45226881 0.85946301 0.62628698 0.73726318
  0.86978352 0.72804113 0.82504148 0.93317657 0.82250394 0.82890662
  0.61186727 0.77972365 0.50047306 0.         0.        ]
 [0.17080428 0.3792931  0.40230081 0.         0.41062053 0.07795304
  0.57782273 0.14613493 0.         0.01523271 0.         0.77315077
  0.71223224 1.         0.4330641  0.03188824 0.25655788 0.39702105
  0.63677614 0.47663938 0.         0.43712767 0.38411511 0.53928548
  0.54165141 0.22610356 0.26441529 0.         0.26768828 0.50267735
  0.14361576 0.20671308 0.31146947 0.35944879 0.28189237 0.
  0.47535757 0.58646869 0.37369286 0.         0.24489434 0.35212414
  0.17448138 0.45331979 0.         0.52006008 0.        ]
 [0.17971059 0.         0.11199639 0.03608537 0.11248424 0.
  0.65765995 0.02178782 0.16646892 0.26223308 0.14160579 0.
  0.         0.4330641  1.         0.68076363 0.31268128 0.
  0.13867751 0.48028026 0.         0.39942568 0.57226771 0.34116134
  0.22775539 0.66275215 0.71278021 0.20059383 0.40053022 0.43356958
  0.12632888 0.50749711 0.64513339 0.         0.08216636 0.19455641
  0.6620708  0.42303349 0.82535931 0.61429306 0.6076917  0.73803049
  0.27307058 0.67401355 0.13368761 0.         0.15203004]
 [0.66122168 0.76736476 0.         0.36564742 0.31316823 0.66429961
  0.         0.         0.30447115 0.         0.66855924 0.77000607
  0.95720528 0.03188824 0.68076363 1.         0.51371739 0.
  0.92086512 0.94317324 0.10325541 0.         0.         0.82708248
  0.64405233 0.31368728 0.80049213 0.4980819  0.58610658 0.83935562
  0.57871115 0.76580662 0.5397797  0.98147896 0.76760241 0.
  0.87263662 0.64170007 0.30739206 0.89949641 0.41592715 0.
  0.45905311 0.89429689 0.         0.20559601 0.55957375]
 [0.         0.         0.         0.         0.10599945 0.53411932
  0.44732564 0.         0.         0.37163917 0.37245741 0.63410049
  0.53381467 0.25655788 0.31268128 0.51371739 1.         0.02631188
  0.26220213 0.61060441 0.         0.13093063 0.17597523 0.46242462
  0.09528001 0.         0.20708389 0.2668039  0.3240658  0.34937051
  0.05525903 0.53708626 0.16722819 0.20025018 0.22554659 0.
  0.14825242 0.24417464 0.23867677 0.47236779 0.24581956 0.21963469
  0.         0.69879335 0.         0.         0.        ]
 [0.34102761 0.31318157 0.33866347 0.         0.27119178 0.
  0.54313076 0.04830109 0.         0.21397141 0.         0.
  0.         0.39702105 0.         0.         0.02631188 1.
  0.28873083 0.07791892 0.         0.35705658 0.36219722 0.
  0.         0.         0.27521116 0.         0.         0.
  0.         0.         0.13783576 0.03370022 0.48972283 0.16004043
  0.41087635 0.45136986 0.16344091 0.31908126 0.32507851 0.
  0.         0.30897797 0.         0.         0.07462731]
 [0.39203446 0.43592334 0.34889796 0.19174041 0.         0.
  0.         0.         0.         0.56458555 0.65408514 0.88680987
  0.87452325 0.63677614 0.13867751 0.92086512 0.26220213 0.28873083
  1.         0.88208447 0.         0.         0.         0.86382657
  0.54735345 0.29287324 0.29663982 0.         0.         0.64488835
  0.         0.63362129 0.27103886 0.23897915 0.         0.
  0.69903485 0.         0.13977068 0.         0.41245814 0.41158055
  0.         0.         0.         0.         0.        ]
 [0.83926057 0.9152654  0.89308235 0.49869643 0.53313191 0.46850683
  0.         0.         0.         0.21101742 0.84787599 0.89717725
  0.94843873 0.47663938 0.48028026 0.94317324 0.61060441 0.07791892
  0.88208447 1.         0.52309465 0.63283232 0.25584515 0.94424769
  0.52542051 0.43566085 0.94275981 0.31781064 0.88164773 0.94553924
  0.52720721 0.86754699 0.44374736 0.85108704 0.79947555 0.97665352
  0.8801838  0.74281415 0.57532303 0.92283937 0.74247738 0.61177398
  0.34383341 0.95061198 0.         0.5307325  0.36769489]
 [0.46413465 0.52214524 0.06280104 0.14921713 0.45965232 0.
  0.         0.         0.         0.         0.         0.48893078
  0.11980319 0.         0.         0.10325541 0.         0.
  0.         0.52309465 1.         0.08063378 0.10163475 0.71111332
  0.38868867 0.19492635 0.31135118 0.         0.21961447 0.45248085
  0.         0.         0.         0.         0.         0.39946261
  0.30819416 0.         0.26364226 0.82174785 0.29325827 0.17780376
  0.06043604 0.12491396 0.09777469 0.         0.        ]
 [0.35754473 0.45818789 0.64900953 0.3095848  0.50357529 0.23118955
  0.76226597 0.70266771 0.63691999 0.         0.39849145 0.90184313
  0.78499367 0.43712767 0.39942568 0.         0.13093063 0.35705658
  0.         0.63283232 0.08063378 1.         0.65524839 0.71758417
  0.         0.49367464 0.61836473 0.35075163 0.50544462 0.7364608
  0.42653737 0.         0.58888565 0.         0.26332701 0.21725641
  0.43047816 0.60071023 0.70163358 0.93144977 0.67100711 0.60023181
  0.64548055 0.22615741 0.         0.43110587 0.20638967]
 [0.         0.27460363 0.         0.29114834 0.         0.
  0.78459639 0.64954077 0.55034132 0.26189699 0.         0.56970412
  0.76175257 0.38411511 0.57226771 0.         0.17597523 0.36219722
  0.         0.25584515 0.10163475 0.65524839 1.         0.
  0.         0.56537713 0.59176784 0.13830777 0.52825936 0.66071322
  0.         0.24023246 0.42742292 0.         0.13404719 0.
  0.48155053 0.54393748 0.72365774 0.79327433 0.45772062 0.72739711
  0.76602192 0.80781307 0.23469715 0.10629014 0.        ]
 [0.85905738 0.91080721 0.90966242 0.63918166 0.69859617 0.25416764
  0.48460009 0.         0.462553   0.4878213  0.86120111 0.89128653
  0.92086728 0.53928548 0.34116134 0.82708248 0.46242462 0.
  0.86382657 0.94424769 0.71111332 0.71758417 0.         1.
  0.56997424 0.58429123 0.95634598 0.40005389 0.89025813 0.92451078
  0.48855123 0.8506555  0.38648048 0.85534126 0.79870306 0.95217346
  0.85998035 0.3645447  0.66351386 0.9234943  0.60513465 0.
  0.40844981 0.83470784 0.         0.68716077 0.66305012]
 [0.         0.         0.         0.13181071 0.29194419 0.26060762
  0.         0.         0.63471697 0.03862646 0.38597701 0.84607876
  0.73073803 0.54165141 0.22775539 0.64405233 0.09528001 0.
  0.54735345 0.52542051 0.38868867 0.         0.         0.56997424
  1.         0.         0.02993761 0.16018825 0.42225232 0.52491431
  0.0312191  0.48915463 0.09952972 0.4103281  0.         0.
  0.37542106 0.22386525 0.20601985 0.67847371 0.26032464 0.
  0.         0.36641819 0.09731307 0.40189055 0.41065441]
 [0.19502249 0.39711689 0.         0.18994935 0.31342877 0.1457576
  0.71703984 0.33531328 0.41282677 0.10725601 0.         0.69060054
  0.64912832 0.22610356 0.66275215 0.31368728 0.         0.
  0.29287324 0.43566085 0.19492635 0.49367464 0.56537713 0.58429123
  0.         1.         0.85384892 0.12684187 0.33492086 0.46037883
  0.         0.06817694 0.5920041  0.08797036 0.40693405 0.
  0.55653448 0.52013333 0.72154179 0.87714206 0.74671721 0.82031434
  0.34399053 0.64068586 0.         0.15009985 0.15866712]
 [0.7123595  0.75028866 0.62194901 0.15436188 0.         0.10363105
  0.65237688 0.49568643 0.74735236 0.         0.57034614 0.84001386
  0.95000106 0.26441529 0.71278021 0.80049213 0.20708389 0.27521116
  0.29663982 0.94275981 0.31135118 0.61836473 0.59176784 0.95634598
  0.02993761 0.85384892 1.         0.         0.33959589 0.92675677
  0.25799037 0.5545936  0.57640059 0.51650121 0.47198454 0.
  0.51863766 0.41632956 0.7880434  0.98953593 0.75559192 0.85725328
  0.41148406 0.79930665 0.         0.08155964 0.        ]
 [0.         0.         0.21182537 0.         0.19041605 0.38857067
  0.50311845 0.1727573  0.         0.54127039 0.         0.40330787
  0.18451529 0.         0.20059383 0.4980819  0.2668039  0.
  0.         0.31781064 0.         0.35075163 0.13830777 0.40005389
  0.16018825 0.12684187 0.         1.         0.07509295 0.54065873
  0.03044104 0.25533714 0.         0.         0.30111137 0.53416205
  0.47977371 0.         0.27424251 0.68780821 0.05660396 0.
  0.         0.         0.         0.1443259  0.        ]
 [0.         0.37427082 0.43856702 0.6544493  0.67805536 0.41744127
  0.52736917 0.49826668 0.15226273 0.46133476 0.18721782 0.88630487
  0.78909085 0.26768828 0.40053022 0.58610658 0.3240658  0.
  0.         0.88164773 0.21961447 0.50544462 0.52825936 0.89025813
  0.42225232 0.33492086 0.33959589 0.07509295 1.         0.98630274
  0.39563446 0.37378263 0.31958769 0.         0.42590259 0.84562847
  0.42350357 0.41473024 0.61969233 0.84030744 0.3940486  0.39778289
  0.58027226 0.85604627 0.46782886 0.48661144 0.50716221]
 [0.86795662 0.91196192 0.90590534 0.45542725 0.80186511 0.47858831
  0.62604268 0.21813098 0.56714533 0.46158622 0.81259879 0.55672352
  0.56856156 0.50267735 0.43356958 0.83935562 0.34937051 0.
  0.64488835 0.94553924 0.45248085 0.7364608  0.66071322 0.92451078
  0.52491431 0.46037883 0.92675677 0.54065873 0.98630274 1.
  0.5226043  0.67430484 0.27185266 0.6385311  0.54593844 0.88724396
  0.73582089 0.57663715 0.68504541 0.83081556 0.40985907 0.
  0.56884998 0.85517832 0.16173732 0.55391273 0.52467632]
 [0.10784581 0.06968861 0.5001681  0.         0.         0.17823046
  0.44681002 0.52981267 0.29143139 0.         0.         0.72680563
  0.82034934 0.14361576 0.12632888 0.57871115 0.05525903 0.
  0.         0.52720721 0.         0.42653737 0.         0.48855123
  0.0312191  0.         0.25799037 0.03044104 0.39563446 0.5226043
  1.         0.15253558 0.18497079 0.35974196 0.         0.
  0.         0.41316769 0.3300566  0.79559534 0.12892771 0.17502143
  0.         0.4056758  0.         0.1770276  0.10783205]
 [0.         0.         0.57051299 0.         0.         0.
  0.         0.         0.53723198 0.42240672 0.79840528 0.65168566
  0.84390802 0.20671308 0.50749711 0.76580662 0.53708626 0.
  0.63362129 0.86754699 0.         0.         0.24023246 0.8506555
  0.48915463 0.06817694 0.5545936  0.25533714 0.37378263 0.67430484
  0.15253558 1.         0.         0.64724335 0.         0.
  0.         0.49218461 0.         0.7795075  0.         0.
  0.04403612 0.55791531 0.44883932 0.29274592 0.32852435]
 [0.16992857 0.15977717 0.         0.28562037 0.32471842 0.24917438
  0.56591624 0.44527522 0.36686293 0.         0.         0.51227171
  0.45226881 0.31146947 0.64513339 0.5397797  0.16722819 0.13783576
  0.27103886 0.44374736 0.         0.58888565 0.42742292 0.38648048
  0.09952972 0.5920041  0.57640059 0.         0.31958769 0.27185266
  0.18497079 0.         1.         0.33221613 0.2332024  0.
  0.         0.48308851 0.64403224 0.74335654 0.59048318 0.58943888
  0.24628164 0.52629157 0.         0.20066303 0.12156098]
 [0.         0.05220896 0.         0.27643161 0.         0.19972544
  0.         0.254379   0.65285123 0.         0.37164552 0.90437826
  0.85946301 0.35944879 0.         0.98147896 0.20025018 0.03370022
  0.23897915 0.85108704 0.         0.         0.         0.85534126
  0.4103281  0.08797036 0.51650121 0.         0.         0.6385311
  0.35974196 0.64724335 0.33221613 1.         0.64281025 0.
  0.20673815 0.3012992  0.         0.84815719 0.61901802 0.54499747
  0.31216358 0.5276217  0.34722134 0.35198927 0.41009939]
 [0.38215939 0.42762643 0.         0.38090249 0.         0.24955227
  0.30785189 0.         0.         0.38629007 0.22132336 0.8057859
  0.62628698 0.28189237 0.08216636 0.76760241 0.22554659 0.48972283
  0.         0.79947555 0.         0.26332701 0.13404719 0.79870306
  0.         0.40693405 0.47198454 0.30111137 0.42590259 0.54593844
  0.         0.         0.2332024  0.64281025 1.         0.13372528
  0.24811489 0.         0.43921746 0.86510682 0.27472771 0.66653578
  0.         0.9366453  0.         0.13668635 0.21345265]
 [0.         0.         0.         0.         0.         0.5994676
  0.         0.1494597  0.         0.79294725 0.         0.66784327
  0.73726318 0.         0.19455641 0.         0.         0.16004043
  0.         0.97665352 0.39946261 0.21725641 0.         0.95217346
  0.         0.         0.         0.53416205 0.84562847 0.88724396
  0.         0.         0.         0.         0.13372528 1.
  0.58893689 0.18685352 0.38725377 0.53446013 0.01155061 0.
  0.14466663 0.9690791  0.         0.54165932 0.61306702]
 [0.28226485 0.4365769  0.         0.35210765 0.13941409 0.
  0.53836185 0.44315763 0.         0.72849011 0.28780092 0.87047992
  0.86978352 0.47535757 0.6620708  0.87263662 0.14825242 0.41087635
  0.69903485 0.8801838  0.30819416 0.43047816 0.48155053 0.85998035
  0.37542106 0.55653448 0.51863766 0.47977371 0.42350357 0.73582089
  0.         0.         0.         0.20673815 0.24811489 0.58893689
  1.         0.79706394 0.51625851 0.72597801 0.86374723 0.61284676
  0.3310674  0.83346097 0.         0.         0.48925493]
 [0.29763709 0.         0.         0.29923511 0.30708405 0.62329537
  0.62512022 0.45304035 0.30046987 0.589204   0.         0.78307681
  0.72804113 0.58646869 0.42303349 0.64170007 0.24417464 0.45136986
  0.         0.74281415 0.         0.60071023 0.54393748 0.3645447
  0.22386525 0.52013333 0.41632956 0.         0.41473024 0.57663715
  0.41316769 0.49218461 0.48308851 0.3012992  0.         0.18685352
  0.79706394 1.         0.60956281 0.8699087  0.49209467 0.51216848
  0.43152977 0.67527861 0.         0.12816776 0.07263911]
 [0.07211471 0.24164986 0.27741445 0.15462086 0.44972696 0.18243698
  0.80249686 0.51997958 0.62370837 0.21519985 0.19532523 0.88994663
  0.82504148 0.37369286 0.82535931 0.30739206 0.23867677 0.16344091
  0.13977068 0.57532303 0.26364226 0.70163358 0.72365774 0.66351386
  0.20601985 0.72154179 0.7880434  0.27424251 0.61969233 0.68504541
  0.3300566  0.         0.64403224 0.         0.43921746 0.38725377
  0.51625851 0.60956281 1.         0.86782534 0.73764069 0.93805285
  0.40841017 0.84069109 0.31232758 0.17328266 0.13652203]
 [0.         0.75747342 0.4521676  0.81979414 0.39319892 0.60359845
  0.86303152 0.81193982 0.76073743 0.60088156 0.59838389 0.96707849
  0.93317657 0.         0.61429306 0.89949641 0.47236779 0.31908126
  0.         0.92283937 0.82174785 0.93144977 0.79327433 0.9234943
  0.67847371 0.87714206 0.98953593 0.68780821 0.84030744 0.83081556
  0.79559534 0.7795075  0.74335654 0.84815719 0.86510682 0.53446013
  0.72597801 0.8699087  0.86782534 1.         0.748353   0.78653044
  0.67521212 0.90725257 0.63532278 0.70621014 0.42841079]
 [0.25230516 0.32379147 0.30102227 0.47465453 0.         0.
  0.72167077 0.5312202  0.56187443 0.32188945 0.         0.7561168
  0.82250394 0.24489434 0.6076917  0.41592715 0.24581956 0.32507851
  0.41245814 0.74247738 0.29325827 0.67100711 0.45772062 0.60513465
  0.26032464 0.74671721 0.75559192 0.05660396 0.3940486  0.40985907
  0.12892771 0.         0.59048318 0.61901802 0.27472771 0.01155061
  0.86374723 0.49209467 0.73764069 0.748353   1.         0.8273026
  0.34900696 0.6798433  0.27338679 0.         0.13326084]
 [0.         0.27608547 0.         0.21263607 0.         0.
  0.77748737 0.45823376 0.63459481 0.         0.35857516 0.94423899
  0.82890662 0.35212414 0.73803049 0.         0.21963469 0.
  0.41158055 0.61177398 0.17780376 0.60023181 0.72739711 0.
  0.         0.82031434 0.85725328 0.         0.39778289 0.
  0.17502143 0.         0.58943888 0.54499747 0.66653578 0.
  0.61284676 0.51216848 0.93805285 0.78653044 0.8273026  1.
  0.36418858 0.64250732 0.2749772  0.28398304 0.25965132]
 [0.         0.12561284 0.         0.22693604 0.22566788 0.04895195
  0.53068834 0.88116856 0.76333039 0.07275868 0.         0.44116474
  0.61186727 0.17448138 0.27307058 0.45905311 0.         0.
  0.         0.34383341 0.06043604 0.64548055 0.76602192 0.40844981
  0.         0.34399053 0.41148406 0.         0.58027226 0.56884998
  0.         0.04403612 0.24628164 0.31216358 0.         0.14466663
  0.3310674  0.43152977 0.40841017 0.67521212 0.34900696 0.36418858
  1.         0.50652124 0.17559517 0.13281393 0.13512568]
 [0.         0.55941036 0.         0.57630292 0.45255129 0.56554486
  0.14608609 0.11736131 0.26568499 0.51094959 0.         0.72841616
  0.77972365 0.45331979 0.67401355 0.89429689 0.69879335 0.30897797
  0.         0.95061198 0.12491396 0.22615741 0.80781307 0.83470784
  0.36641819 0.64068586 0.79930665 0.         0.85604627 0.85517832
  0.4056758  0.55791531 0.52629157 0.5276217  0.9366453  0.9690791
  0.83346097 0.67527861 0.84069109 0.90725257 0.6798433  0.64250732
  0.50652124 1.         0.49423517 0.55148811 0.58060352]
 [0.         0.         0.         0.         0.40407078 0.
  0.         0.         0.26695638 0.         0.         0.91403742
  0.50047306 0.         0.13368761 0.         0.         0.
  0.         0.         0.09777469 0.         0.23469715 0.
  0.09731307 0.         0.         0.         0.46782886 0.16173732
  0.         0.44883932 0.         0.34722134 0.         0.
  0.         0.         0.31232758 0.63532278 0.27338679 0.2749772
  0.17559517 0.49423517 1.         0.         0.        ]
 [0.         0.21922483 0.47131423 0.17111506 0.         0.45960322
  0.50353259 0.17875069 0.         0.         0.47447264 0.74656177
  0.         0.52006008 0.         0.20559601 0.         0.
  0.         0.5307325  0.         0.43110587 0.10629014 0.68716077
  0.40189055 0.15009985 0.08155964 0.1443259  0.48661144 0.55391273
  0.1770276  0.29274592 0.20066303 0.35198927 0.13668635 0.54165932
  0.         0.12816776 0.17328266 0.70621014 0.         0.28398304
  0.13281393 0.55148811 0.         1.         0.88421091]
 [0.30265848 0.         0.         0.1748611  0.         0.18039755
  0.27732928 0.15336453 0.         0.         0.         0.79977039
  0.         0.         0.15203004 0.55957375 0.         0.07462731
  0.         0.36769489 0.         0.20638967 0.         0.66305012
  0.41065441 0.15866712 0.         0.         0.50716221 0.52467632
  0.10783205 0.32852435 0.12156098 0.41009939 0.21345265 0.61306702
  0.48925493 0.07263911 0.13652203 0.42841079 0.13326084 0.25965132
  0.13512568 0.58060352 0.         0.88421091 1.        ]]